0 148 235 243 311 519 681 741 885 933 966 990 
1 8 16 94 248 407 431 445 521 577 611 671 721 803 828 878 879 920 976 997 
2 263 278 499 502 510 544 713 877 891 1031 1045 1047 1062 
3 26 149 177 327 1048 1050 1059 
4 158 980 986 992 1031 1044 
5 141 400 463 468 513 1028 1033 1062 
6 700 925 940 1003 1052 
7 186 359 430 436 546 557 588 679 837 954 1043 1044 
8 38 61 281 592 603 644 730 888 914 927 941 955 962 976 977 981 1004 1018 1023 1057 1058 1061 
9 96 155 205 289 375 394 470 535 565 639 715 769 921 989 997 1007 1051 1061 
10 91 112 116 142 157 166 182 215 222 223 236 299 353 363 378 411 429 453 497 506 522 617 674 755 815 900 950 988 991 998 999 1002 1007 1043 1060 1061 1064 
11 45 107 164 487 569 675 889 929 982 983 993 1003 1030 1046 1055 1057 
12 114 469 477 560 613 664 729 890 894 952 979 982 1013 1023 1039 
13 102 159 199 294 300 324 380 688 880 891 937 938 939 953 961 964 975 1008 1019 1025 1038 
14 317 351 387 984 994 1052 
15 28 54 229 230 357 401 660 666 845 902 915 958 1000 1050 1052 
16 161 209 226 268 270 295 310 348 509 654 708 738 835 836 931 939 942 951 952 994 1020 1022 1035 1038 1040 1051 1065 
17 106 251 291 338 349 396 528 529 655 659 691 711 719 737 752 924 954 956 1017 1034 1043 1064 
18 1 19 56 87 95 144 246 309 316 410 424 461 465 475 582 640 669 735 764 785 788 808 824 825 992 996 1010 1026 1055 1064 
19 69 165 459 504 876 895 903 979 989 1021 1025 1065 
20 51 60 596 695 987 1048 1059 
21 809 1039 
22 47 49 274 286 297 419 512 693 898 903 924 956 961 1008 1054 
23 81 139 385 452 554 595 705 749 751 760 762 765 766 875 908 1016 1024 1027 1037 1049 
24 240 261 328 405 433 479 485 490 573 581 612 637 645 673 676 682 683 995 1036 1039 1041 1064 
25 34 40 343 507 517 928 959 1030 1051 1058 
26 41 73 202 244 377 635 885 905 927 955 966 1019 1023 1056 1062 1064 
27 48 52 71 72 77 90 110 128 190 210 238 259 296 332 413 432 449 515 570 584 624 633 704 720 747 748 779 791 807 874 898 904 923 926 947 1021 1022 
28 37 196 208 288 601 1045 1047 
29 97 104 206 225 279 552 958 1000 1013 1035 1040 1045 1047 1052 1065 
30 63 152 162 262 658 893 1001 1005 
31 7 163 486 534 734 822 918 990 1038 
32 24 32 44 58 345 346 437 496 567 946 972 1027 1031 1033 1044 1047 1056 1061 1062 1065 
33 834 842 1054 
34 493 553 911 
35 50 136 217 256 271 372 426 435 448 478 531 555 561 576 587 599 610 614 680 690 758 806 826 904 922 957 970 989 996 998 1013 1021 1054 
36 29 127 134 151 763 846 977 981 1020 1027 1034 
37 176 322 347 585 911 999 1025 1050 
38 4 10 39 70 398 428 451 471 656 667 781 926 933 1021 1035 1036 1065 
39 82 207 360 503 739 771 888 928 937 946 972 981 1004 1017 1022 1042 1057 1058 1060 
40 18 118 242 350 362 813 978 999 1027 
41 65 108 233 269 301 305 335 443 454 458 600 723 896 905 914 985 1026 1042 1056 1058 
42 321 580 638 710 753 782 812 873 945 1035 1039 
43 12 84 140 171 197 406 701 767 841 872 883 919 944 969 988 1002 1029 1043 1064 
44 105 665 670 840 1028 
45 129 756 1044 
46 22 153 290 306 409 444 609 687 707 712 786 844 931 964 987 996 998 1010 1028 1036 1058 
47 42 213 258 368 392 498 684 1011 1026 
48 132 201 907 918 1014 1024 
49 93 169 228 282 308 438 446 474 494 532 880 890 949 1014 1048 
