50 138 575 980 1065 
51 2 593 608 632 692 871 881 910 979 1004 1018 1023 1030 1033 1041 1056 1062 1065 
52 46 85 185 194 218 231 382 425 439 467 505 545 556 586 622 657 703 832 869 870 919 976 1000 1040 1044 
53 978 988 1017 1034 1043 
54 55 68 79 315 702 884 907 1055 1064 
55 14 33 109 143 605 917 967 1052 
56 15 333 395 441 492 500 634 985 1026 1064 
57 5 9 59 146 220 594 831 882 945 1058 
58 241 526 598 616 770 1001 1005 
59 13 23 53 62 92 131 172 174 184 198 216 275 277 302 312 344 365 366 367 399 404 412 420 421 447 457 472 483 501 548 578 597 619 621 651 668 672 709 717 722 724 736 744 746 761 783 787 789 790 799 802 810 814 863 864 865 866 867 868 897 902 921 932 943 944 947 951 953 960 969 973 975 984 1007 1008 1009 1019 1025 1029 1036 1040 1060 1061 
60 3 629 798 
61 126 150 156 232 304 341 455 516 861 862 970 983 997 1009 1011 1050 
62 130 147 257 265 520 574 606 727 742 754 784 859 860 920 922 923 1028 1050 1061 
63 67 180 320 393 450 858 887 936 949 977 1014 1048 1056 1059 
64 35 100 191 314 370 376 415 882 892 906 968 1029 1054 
65 6 36 212 883 884 899 
66 135 137 792 793 1048 1059 
67 133 193 253 440 476 547 583 641 663 823 925 929 940 1020 1046 1057 
68 88 120 160 170 266 334 466 839 986 1045 1065 
69 78 167 183 188 273 313 342 373 383 481 524 530 607 615 626 694 733 804 851 909 934 942 943 965 971 1006 1022 1046 1051 1057 
70 518 604 731 797 857 906 912 932 971 978 1009 1060 
71 566 579 856 
72 20 74 115 200 303 331 480 968 1029 1054 
73 64 245 323 514 543 726 750 855 1031 1041 
74 239 384 416 745 768 827 838 847 848 849 850 900 1065 
75 11 17 30 111 175 204 214 280 325 336 403 417 460 462 473 489 495 508 541 551 589 620 647 843 897 910 917 934 936 948 963 967 980 986 1003 1018 1020 1030 1038 1042 1046 1051 1055 1057 
76 25 98 113 178 284 571 623 
77 539 1019 1045 1047 
78 43 66 76 187 195 221 250 287 352 374 511 662 908 916 935 963 1032 1037 1042 1049 1060 1063 
79 31 298 307 355 379 525 568 646 805 854 889 895 983 993 1034 1065 
80 21 75 83 125 181 203 219 224 234 252 254 255 285 318 326 329 339 354 358 361 386 388 390 391 397 414 418 422 537 540 542 558 572 628 630 661 677 698 699 718 732 740 759 801 811 818 819 820 821 833 852 853 894 901 930 938 948 950 957 965 973 984 992 994 995 1002 1010 1041 1055 1060 1061 1065 
81 89 533 538 896 930 1001 1005 1006 1033 1062 
82 80 482 625 830 892 912 
83 99 154 488 491 913 959 990 1024 
84 122 179 292 423 
85 57 227 249 381 402 442 484 549 728 800 899 1011 
86 86 119 168 211 456 464 562 563 631 796 829 916 941 991 1015 1032 1037 1063 
87 189 527 559 686 716 794 795 974 987 1046 1053 1059 
88 117 247 340 689 696 697 1012 1053 
89 27 103 319 356 434 590 886 982 993 1032 1053 1055 1059 
90 267 564 618 627 643 649 650 652 653 974 1053 
91 0 293 389 408 591 636 642 915 1012 1015 1053 
92 260 364 536 550 602 685 714 743 772 773 774 775 776 777 778 985 1042 1049 
93 101 145 192 237 264 337 369 427 886 887 995 1006 1012 1015 1018 1037 1049 1056 1062 
94 124 523 648 816 817 1049 
95 173 272 330 780 881 901 991 1016 1041 1063 
96 1063 
97 123 283 725 757 1016 1063 
98 276 678 706 893 913 935 962 1024 1032 1063 
99 121 371 909 960 1063 
